1000
3 22 39
4 25 17
55 71 46
87 93 35
40 5 31
96 44 13
63 43 23
75 18 61
33 70 76
86 33 83
97 44 60
50 22 86
87 22 56
29 36 86
25 54 15
100 37 76
22 75 38
54 86 32
70 91 100
68 6 13
99 58 92
72 21 28
87 81 48
19 80 12
86 14 22
94 24 53
56 57 34
26 63 84
48 69 67
55 94 47
2 72 59
58 58 81
16 79 40
76 9 32
61 29 41
27 69 53
74 32 16
39 5 87
16 20 13
47 27 8
20 56 69
51 16 84
44 27 57
35 9 73
59 60 85
78 100 69
12 25 45
25 65 34
47 74 14
82 87 30
5 4 81
56 30 6
1 69 27
57 14 13
79 26 26
40 29 19
4 64 27
8 92 17
38 3 52
6 97 77
77 76 20
2 76 15
1 23 57
59 98 12
52 29 5
56 22 38
98 13 29
67 60 11
90 24 63
98 96 13
100 60 84
13 42 34
18 13 17
56 61 7
77 89 75
33 20 79
59 43 87
42 73 40
97 10 17
25 76 48
92 67 54
16 97 9
38 18 74
48 16 37
82 98 10
26 2 42
79 20 6
9 72 95
5 42 25
70 87 37
7 13 7
87 12 14
95 11 94
53 89 74
20 11 46
55 93 15
4 79 33
29 2 60
58 86 97
37 29 63
55 94 1
41 87 80
64 81 11
100 64 45
27 81 7
49 11 58
64 96 55
36 41 40
16 86 46
20 28 98
94 7 87
4 99 34
48 38 28
59 31 96
97 82 93
56 48 75
91 86 25
24 60 67
29 81 85
55 3 20
86 23 47
97 83 99
1 87 21
30 94 18
73 41 26
52 22 97
53 85 73
78 56 13
52 37 89
31 9 97
20 39 43
91 5 25
33 39 73
32 46 61
96 80 66
2 1 3
1 13 64
8 2 87
41 67 73
4 47 5
43 9 84
43 89 76
28 96 15
75 96 31
38 20 36
39 5 38
57 28 81
44 68 69
1 74 53
35 55 45
55 71 19
46 4 73
50 95 41
71 76 48
57 27 68
80 70 89
91 59 33
52 60 75
58 90 100
48 77 79
64 85 30
52 71 98
2 48 25
17 89 70
31 37 19
10 34 81
24 100 35
21 60 67
89 37 94
62 46 1
5 92 68
100 91 18
51 65 58
6 57 10
41 62 75
84 70 75
5 19 45
71 75 25
1 45 6
91 88 3
55 36 81
5 36 8
73 9 85
100 89 76
67 53 15
34 29 37
100 6 31
62 48 83
2 93 86
100 18 7
87 40 57
91 24 30
32 68 96
19 38 41
68 82 88
1 42 57
61 53 3
8 20 80
38 96 19
68 85 59
93 5 46
96 74 56
45 38 11
50 66 61
85 86 56
36 60 91
80 80 99
29 90 66
47 92 81
8 88 1
97 96 54
17 37 79
99 3 95
89 21 73
91 48 60
57 52 31
95 33 26
68 94 26
76 82 99
99 61 22
25 55 35
74 35 78
78 22 46
90 22 23
76 58 19
56 91 37
60 87 90
10 22 55
46 13 67
66 22 24
23 7 3
47 8 15
49 42 78
79 67 41
55 37 9
7 54 41
54 31 99
17 73 94
16 81 32
10 55 27
19 61 77
83 83 38
9 70 2
28 13 37
18 95 60
93 6 84
98 41 60
12 9 17
72 45 65
75 53 41
75 76 37
7 13 96
99 10 38
84 98 25
77 91 2
3 19 75
17 52 13
67 67 62
92 82 14
100 98 41
27 23 72
77 31 9
67 10 77
8 47 90
35 45 55
47 66 68
46 60 37
85 93 63
28 11 21
38 86 11
2 35 88
40 76 92
62 17 79
100 68 14
2 59 23
69 25 52
35 35 60
42 4 54
93 62 88
16 54 82
22 15 99
7 55 65
90 69 60
54 84 33
76 85 40
30 44 90
66 19 66
49 79 11
10 55 4
40 32 40
66 15 25
31 9 89
57 59 38
5 21 40
23 35 44
59 83 100
91 2 12
84 74 99
22 28 37
30 9 85
8 90 85
16 10 4
89 99 82
37 92 57
15 74 4
70 15 34
47 39 84
44 95 98
8 87 8
66 92 12
83 21 71
53 70 66
13 9 38
7 79 5
75 37 68
37 59 59
65 83 43
78 31 43
19 8 1
76 47 70
18 66 28
58 16 65
40 31 94
67 95 83
59 8 29
44 5 97
46 26 68
63 90 6
10 34 82
9 10 84
100 87 47
65 42 19
44 62 13
91 61 19
4 45 66
94 29 61
17 6 40
42 25 39
30 64 33
90 72 20
47 88 38
99 99 99
71 81 41
85 70 9
25 74 22
100 17 30
6 10 20
88 27 3
0 55 55
44 19 7
21 61 42
94 6 97
8 67 44
97 7 12
7 34 65
62 87 92
79 74 13
98 39 27
12 100 82
35 8 16
12 39 71
7 52 70
65 34 26
2 9 3
97 88 98
23 60 91
41 85 37
54 18 72
34 21 80
61 11 97
78 23 25
100 66 7
19 95 1
25 63 58
67 1 56
28 74 83
100 39 9
8 58 1
15 100 82
35 81 8
4 90 64
50 20 90
22 42 25
77 18 99
63 73 6
21 57 20
72 53 57
86 92 88
16 39 79
83 88 33
66 17 16
39 39 55
57 76 70
1 22 6
77 89 85
18 82 44
32 47 87
7 52 33
11 72 92
73 79 96
34 14 7
41 35 64
96 33 27
33 24 78
2 42 20
100 1 1
84 30 23
75 71 84
75 52 73
21 81 30
81 69 83
81 64 70
26 91 40
59 75 32
13 47 81
6 27 73
8 59 6
1 28 70
84 32 46
75 56 53
100 76 79
46 25 23
40 9 35
92 33 47
34 29 29
89 84 47
38 13 28
72 69 8
37 24 17
46 13 17
43 86 20
99 92 73
84 5 4
97 40 88
59 72 79
59 75 48
15 48 19
56 43 8
73 6 68
90 16 86
6 90 18
58 18 38
41 97 37
68 47 78
30 64 56
93 54 6
86 82 81
43 81 99
81 3 94
96 46 59
46 69 58
23 1 19
13 55 55
84 95 42
58 99 46
14 89 2
34 44 71
91 77 4
2 96 76
32 14 83
57 64 92
69 96 3
66 25 14
74 86 76
64 16 62
41 98 74
52 79 95
62 17 11
57 26 71
75 12 4
54 99 95
45 39 23
93 40 71
42 35 78
13 28 46
15 29 66
28 1 34
4 57 29
100 66 13
23 7 57
41 12 92
69 96 28
66 75 25
42 93 63
17 81 100
56 83 72
10 37 85
67 19 16
58 36 22
51 52 94
86 7 52
59 30 95
95 21 59
97 70 4
66 89 30
30 5 25
38 91 22
0 10 42
52 90 42
58 85 42
37 17 62
53 100 79
52 79 8
19 13 36
58 20 9
20 73 91
22 54 16
92 10 71
46 74 16
89 86 90
79 4 33
98 28 93
13 63 44
83 81 21
12 88 91
11 92 53
82 56 91
84 90 42
71 8 8
41 5 75
16 5 23
100 97 2
23 79 47
69 26 21
38 31 43
34 92 25
34 72 75
77 21 90
16 43 68
70 57 74
91 63 85
4 1 83
96 10 58
12 72 83
8 34 45
87 21 91
50 42 68
27 39 58
81 8 37
35 57 4
82 97 70
4 80 61
20 14 88
19 57 99
19 15 33
25 43 2
36 54 38
49 47 74
31 80 31
82 70 56
3 96 47
71 35 27
50 45 96
95 52 21
47 52 75
35 68 35
70 93 6
15 87 67
85 55 91
53 97 9
55 65 61
84 58 8
49 48 55
93 61 47
76 10 62
94 54 91
22 64 65
19 32 69
70 59 36
54 8 62
34 67 6
39 81 80
79 6 30
98 38 32
45 58 69
77 46 98
13 45 52
15 27 85
65 69 32
75 97 39
24 1 68
82 19 81
34 9 32
22 88 73
15 81 62
66 68 37
44 33 42
82 47 30
75 33 74
9 100 8
87 15 84
15 72 4
34 72 48
84 71 12
0 65 91
66 26 38
11 30 40
51 16 83
79 100 64
10 33 21
82 77 39
1 73 59
16 74 2
87 37 36
0 92 67
73 35 23
2 94 46
51 37 95
53 80 34
91 74 34
4 11 83
12 59 63
20 62 88
34 92 69
9 78 90
88 56 9
38 73 58
66 20 11
65 91 93
34 26 6
95 88 7
9 3 8
11 5 82
52 20 71
5 47 66
30 57 67
37 33 85
49 18 95
33 29 79
80 66 44
80 22 42
100 55 38
28 53 36
42 33 8
82 47 46
25 18 17
63 5 13
6 45 79
81 53 85
63 75 34
34 78 21
97 76 47
57 87 8
60 98 27
1 23 28
10 28 72
95 61 13
57 66 7
25 69 7
82 20 52
12 83 57
100 84 72
75 2 67
84 79 64
35 71 80
85 71 33
97 37 34
17 2 33
13 9 61
28 2 36
57 38 52
35 29 87
28 37 95
18 22 25
73 4 82
14 63 94
40 67 34
23 74 80
73 94 45
55 58 79
33 56 65
85 68 41
51 57 31
95 29 87
9 76 39
82 32 14
65 77 35
21 52 78
67 58 20
36 22 35
80 78 67
48 55 54
55 99 81
84 79 77
91 35 47
94 30 1
24 84 57
88 98 52
57 58 89
89 48 41
75 68 11
13 15 91
89 74 71
79 12 10
4 17 11
25 60 20
54 28 35
17 36 76
0 57 27
96 31 25
73 66 59
0 99 43
71 28 11
61 88 67
29 75 87
16 93 89
48 62 3
69 62 92
32 43 54
67 83 21
46 100 56
61 63 52
15 81 30
85 67 94
55 55 17
55 32 37
73 60 73
65 48 46
20 46 63
53 48 15
66 96 69
61 34 14
68 88 5
61 71 58
50 36 93
47 88 70
61 11 61
45 4 63
82 89 7
100 28 10
11 45 87
29 42 62
16 48 34
51 66 33
98 42 24
98 80 87
96 23 25
13 35 36
63 93 100
7 72 10
72 68 30
67 5 11
96 100 18
5 20 37
93 24 72
61 87 41
51 76 26
34 59 57
92 100 81
0 54 4
70 29 55
46 38 10
85 85 71
59 30 79
14 60 30
43 30 26
11 32 65
42 8 52
69 77 100
99 26 64
71 28 4
55 82 21
76 23 47
86 41 9
44 26 6
33 6 28
84 1 80
92 80 87
52 56 84
20 2 14
69 3 81
95 85 81
78 28 94
74 77 38
42 62 90
22 45 39
73 5 80
25 24 95
61 30 32
62 59 95
28 62 38
48 19 14
18 28 91
44 52 32
72 9 77
36 69 53
37 65 24
54 13 86
4 47 1
25 93 2
17 53 33
23 17 75
38 36 53
10 9 17
32 98 7
29 25 59
42 93 80
26 20 90
19 54 59
43 54 4
75 36 52
15 73 20
88 58 41
61 58 61
3 82 67
24 66 29
60 38 13
38 4 40
70 35 40
39 62 18
43 99 74
43 72 63
40 79 88
29 16 45
8 78 93
93 8 68
67 43 20
34 10 100
1 55 20
69 44 38
20 73 83
15 14 85
15 90 92
64 38 29
19 77 96
28 43 83
79 13 6
90 77 46
88 93 40
50 96 59
57 98 14
35 73 75
37 62 67
100 90 10
77 83 58
93 28 75
25 12 74
79 29 41
39 68 98
25 85 66
28 88 81
98 29 77
22 20 89
32 77 66
62 86 17
54 73 68
90 14 81
84 75 56
4 92 13
95 62 96
61 6 25
0 15 62
72 15 93
20 98 70
20 24 95
53 61 85
23 24 41
3 31 48
23 70 19
8 3 76
87 20 40
69 39 59
92 7 98
28 14 70
67 77 35
43 97 35
8 61 3
7 55 85
95 92 84
16 12 2
67 60 99
6 53 79
1 94 5
17 63 22
84 40 70
15 12 1
78 21 43
28 75 45
71 87 7
43 58 83
34 44 91
85 12 5
90 48 65
67 89 59
52 72 19
75 69 6
38 27 52
88 64 68
84 24 17
4 8 40
31 47 82
20 94 40
50 22 39
14 36 81
45 54 78
75 28 25
26 26 94
55 83 24
5 98 52
64 76 28
20 41 6
11 10 80
44 7 12
67 3 26
35 62 33
50 82 26
97 61 94
40 87 59
95 95 17
98 100 65
12 55 55
43 19 26
24 29 11
10 72 100
61 18 70
36 98 30
88 55 34
67 94 53
18 89 10
63 97 5
81 58 33
19 32 19
5 100 52
82 24 95
92 4 28
81 4 75
14 78 60
28 46 55
65 88 97
54 28 31
24 26 19
85 7 21
89 42 1
53 48 96
29 37 5
95 59 36
25 47 39
19 25 7
24 57 38
58 63 62
1 52 5
31 15 100
84 18 41
89 8 11
32 74 85
70 16 5
42 65 78
29 21 13
45 12 15
63 53 74
8 31 78
92 31 9
76 45 72
8 7 32
83 39 80
35 64 17
1 87 71
19 78 93
14 65 87
44 4 23
14 58 26
10 22 75
100 63 3
89 80 48
0 32 79
36 64 15
85 73 67
45 19 56
55 2 71
26 4 85
94 62 11
78 12 41
4 84 60
25 25 97
54 84 77
24 81 77
86 89 75
59 78 24
8 61 41
76 7 28
63 38 11
33 44 96
56 35 42
96 46 9
52 33 14
87 63 13
21 94 36
50 22 62
55 82 52
11 69 57
59 96 91
42 58 87
93 62 100
62 44 84
7 38 80
74 24 4
52 96 17
47 68 48
86 22 44
44 88 41
